1.1 0
1.2 1
1.3 2
2.1 3
1.4 4
1.5 5
1.6 6
2.6 7
2.5 8
2.4 9
2.3 10
2.2 11
3.1 15
3.2 16
3.3 17
3.4 18
3.5 19
3.6 20
4.1 21
4.2 25
4.3 26
5.1 30
5.2 31
4.4 32
4.5 33
5.3 34
5.4 35
4.6 36
6.5 37
6.1 38
6.2 39
6.3 40
6.4 41
5.6 42
5.5 43
7.1 45
7.2 46
7.3 47
6.6 48
7.6 49
7.4 50
7.5 51
8.5 52
8.4 53
8.1 54
8.2 55
8.3 56
9.1 60
9.2 61
10.1 62
10.2 63
9.3 64
9.4 65
10.3 66
10.4 67
10.5 68
10.6 69
11.2 70
11.1 71
9.5 72
9.6 73
11.3 75
11.4 76
11.5 77
11.6 78
12.6 79
12.5 80
12.4 81
12.1 82
12.2 83
12.3 84
13.2 85
13.4 86
13.6 87
14.2 88
14.4 89
13.3 90
13.5 91
14.1 92
14.3 93
14.5 94
13.1 95