OFFSET 0 0
SCALE 1 1


BACKGROUND (-5.007, -2.499, 10.015, 2.499); textures/uka17-background.png

ALU (2.911, -0.216); (2.871, -0.122); (2.871, -0.122); (2.775, -0.083); (2.775, -0.083); (2.680, -0.122); (2.680, -0.122); (2.640, -0.216); (2.640, -0.216); (2.680, -0.309); (2.680, -0.309); (2.775, -0.348); (2.775, -0.348); (2.871, -0.309); (2.871, -0.309); (2.911, -0.216); (2.911, -0.216);

ALU (1.848, -0.349); (1.848, -0.449); (1.848, -0.550); (1.848, -0.650); (1.848, -0.751); (1.848, -0.851); (1.848, -0.952); (1.848, -1.052); (1.848, -1.153); (1.848, -1.153); (1.954, -1.153); (1.954, -1.153); (1.954, -1.052); (1.954, -0.951); (1.954, -0.850); (1.954, -0.750); (1.954, -0.649); (1.954, -0.548); (1.954, -0.447); (1.954, -0.347); (1.954, -0.347); (2.017, -0.233); (2.017, -0.233); (2.152, -0.190); (2.152, -0.190); (2.287, -0.232); (2.287, -0.232); (2.349, -0.345); (2.349, -0.345); (2.349, -0.446); (2.349, -0.547); (2.349, -0.648); (2.349, -0.749); (2.349, -0.850); (2.349, -0.951); (2.349, -1.052); (2.349, -1.153); (2.349, -1.153); (2.455, -1.153); (2.455, -1.153); (2.455, -1.052); (2.455, -0.951); (2.455, -0.851); (2.455, -0.750); (2.455, -0.649); (2.455, -0.548); (2.455, -0.448); (2.454, -0.347); (2.454, -0.347); (2.422, -0.240); (2.422, -0.240); (2.346, -0.157); (2.346, -0.157); (2.248, -0.120); (2.149, -0.084); (2.149, -0.084); (2.051, -0.122); (1.952, -0.160); (1.952, -0.160); (1.878, -0.244); (1.878, -0.244); (1.848, -0.349); (1.848, -0.349);

ALU (-3.228, -1.635); (-3.320, -1.567); (-3.413, -1.499); (-3.413, -1.499); (-3.474, -1.583); (-3.474, -1.583); (-3.387, -1.647); (-3.300, -1.712); (-3.213, -1.776); (-3.126, -1.840); (-3.039, -1.905); (-2.952, -1.969); (-2.952, -1.969); (-2.952, -1.866); (-2.953, -1.763); (-2.953, -1.660); (-2.953, -1.557); (-2.953, -1.454); (-2.953, -1.351); (-2.953, -1.248); (-2.953, -1.145); (-2.953, -1.042); (-2.953, -0.939); (-2.953, -0.836); (-2.953, -0.733); (-2.953, -0.630); (-2.953, -0.527); (-2.953, -0.425); (-2.953, -0.322); (-2.953, -0.219); (-2.953, -0.116); (-2.953, -0.116); (-3.089, -0.115); (-3.089, -0.115); (-3.228, -0.115); (-3.228, -0.115); (-3.228, -0.216); (-3.228, -0.317); (-3.228, -0.419); (-3.228, -0.520); (-3.228, -0.622); (-3.228, -0.723); (-3.228, -0.824); (-3.228, -0.926); (-3.228, -1.027); (-3.228, -1.128); (-3.228, -1.230); (-3.228, -1.331); (-3.228, -1.433); (-3.228, -1.534);

ALU (-2.887, -0.115); (-2.887, -0.215); (-2.887, -0.315); (-2.887, -0.415); (-2.887, -0.515); (-2.887, -0.615); (-2.887, -0.716); (-2.887, -0.816); (-2.887, -0.916); (-2.887, -1.016); (-2.887, -1.116); (-2.887, -1.216); (-2.887, -1.316); (-2.887, -1.417); (-2.887, -1.517); (-2.887, -1.617); (-2.887, -1.717); (-2.887, -1.817); (-2.887, -1.917); (-2.887, -2.018); (-2.887, -2.018); (-2.784, -2.094); (-2.682, -2.170); (-2.682, -2.170); (-2.618, -2.087); (-2.618, -2.087); (-2.699, -2.027); (-2.780, -1.967); (-2.780, -1.967); (-2.780, -1.864); (-2.780, -1.761); (-2.781, -1.658); (-2.781, -1.556); (-2.781, -1.453); (-2.781, -1.350); (-2.781, -1.247); (-2.781, -1.144); (-2.781, -1.041); (-2.781, -0.938); (-2.781, -0.836); (-2.781, -0.733); (-2.782, -0.630); (-2.782, -0.527); (-2.782, -0.424); (-2.782, -0.321); (-2.782, -0.218); (-2.782, -0.116); (-2.782, -0.116);

ALU (-2.744, -0.115); (-2.711, -0.213); (-2.677, -0.312); (-2.644, -0.411); (-2.611, -0.509); (-2.577, -0.608); (-2.544, -0.707); (-2.511, -0.805); (-2.511, -0.805); (-2.472, -0.690); (-2.434, -0.575); (-2.396, -0.459); (-2.396, -0.459); (-2.357, -0.344); (-2.319, -0.230); (-2.281, -0.115); (-2.281, -0.115); (-2.391, -0.115); (-2.391, -0.115); (-2.423, -0.210); (-2.455, -0.305); (-2.455, -0.305); (-2.569, -0.306); (-2.569, -0.306); (-2.602, -0.210); (-2.634, -0.115); (-2.634, -0.115); (-2.688, -0.115); (-2.688, -0.115);

ALU (-2.482, -0.888); (-2.436, -1.026); (-2.390, -1.165); (-2.390, -1.165); (-2.358, -1.069); (-2.326, -0.974); (-2.294, -0.879); (-2.262, -0.783); (-2.230, -0.688); (-2.198, -0.592); (-2.166, -0.497); (-2.133, -0.401); (-2.101, -0.306); (-2.069, -0.210); (-2.037, -0.115); (-2.037, -0.115); (-2.222, -0.115); (-2.222, -0.115); (-2.254, -0.211); (-2.287, -0.308); (-2.319, -0.404); (-2.352, -0.501); (-2.385, -0.598); (-2.417, -0.694); (-2.450, -0.791);

ALU (-1.492, -0.481); (-1.492, -0.589); (-1.492, -0.697); (-1.492, -0.805); (-1.492, -0.913); (-1.492, -1.021); (-1.492, -1.129); (-1.492, -1.236); (-1.492, -1.344); (-1.492, -1.452); (-1.492, -1.560); (-1.492, -1.668); (-1.492, -1.776); (-1.492, -1.776); (-1.412, -1.868); (-1.333, -1.961); (-1.253, -2.054); (-1.174, -2.146); (-1.174, -2.146); (-1.183, -2.045); (-1.192, -1.943); (-1.201, -1.841); (-1.210, -1.739); (-1.218, -1.637); (-1.227, -1.535); (-1.236, -1.434); (-1.245, -1.332); (-1.254, -1.230); (-1.263, -1.128); (-1.263, -1.128); (-1.259, -1.021); (-1.255, -0.915); (-1.251, -0.808); (-1.246, -0.701); (-1.242, -0.595); (-1.242, -0.595); (-1.225, -0.473); (-1.208, -0.352); (-1.191, -0.231); (-1.174, -0.110); (-1.174, -0.110); (-1.253, -0.203); (-1.333, -0.296); (-1.412, -0.388); (-1.492, -0.481); (-1.492, -0.481);

ALU (-1.078, -2.144); (-1.092, -2.045); (-1.107, -1.946); (-1.122, -1.846); (-1.136, -1.747); (-1.151, -1.647); (-1.151, -1.647); (-1.156, -1.544); (-1.162, -1.440); (-1.167, -1.337); (-1.172, -1.233); (-1.177, -1.130); (-1.177, -1.130); (-1.171, -1.006); (-1.164, -0.881); (-1.158, -0.757); (-1.151, -0.632); (-1.151, -0.632); (-1.137, -0.528); (-1.122, -0.424); (-1.107, -0.320); (-1.093, -0.216); (-1.078, -0.112); (-1.078, -0.112); (-1.001, -0.178); (-0.925, -0.243); (-0.848, -0.309); (-0.848, -0.309); (-0.764, -0.431); (-0.680, -0.553); (-0.680, -0.553); (-0.629, -0.692); (-0.577, -0.830); (-0.577, -0.830); (-0.560, -0.978); (-0.542, -1.126); (-0.542, -1.126); (-0.555, -1.268); (-0.568, -1.409); (-0.568, -1.409); (-0.614, -1.537); (-0.659, -1.665); (-0.659, -1.665); (-0.742, -1.786); (-0.824, -1.906); (-0.824, -1.906); (-0.909, -1.985); (-0.993, -2.065); (-1.078, -2.144); (-1.078, -2.144); -; (-1.005, -1.970); (-0.916, -1.862); (-0.826, -1.755); (-0.826, -1.755); (-0.771, -1.652); (-0.715, -1.549); (-0.715, -1.549); (-0.687, -1.447); (-0.659, -1.344); (-0.659, -1.344); (-0.652, -1.236); (-0.646, -1.129); (-0.646, -1.129); (-0.655, -1.021); (-0.665, -0.913); (-0.665, -0.913); (-0.693, -0.810); (-0.721, -0.707); (-0.721, -0.707); (-0.776, -0.605); (-0.830, -0.502); (-0.830, -0.502); (-0.918, -0.395); (-1.005, -0.288); (-1.005, -0.288); (-1.014, -0.393); (-1.023, -0.498); (-1.031, -0.603); (-1.040, -0.709); (-1.049, -0.814); (-1.057, -0.919); (-1.066, -1.024); (-1.074, -1.129); (-1.074, -1.129); (-1.066, -1.234); (-1.057, -1.339); (-1.049, -1.444); (-1.040, -1.549); (-1.031, -1.655); (-1.023, -1.760); (-1.014, -1.865); (-1.005, -1.970); (-1.005, -1.970);

ALU (-0.379, -0.747); (-0.479, -0.747); (-0.479, -0.747); (-0.479, -0.852); (-0.479, -0.852); (-0.379, -0.852); (-0.379, -0.852); (-0.379, -0.952); (-0.379, -1.053); (-0.379, -1.153); (-0.379, -1.153); (-0.211, -1.153); (-0.211, -1.153); (-0.211, -1.148); (-0.211, -1.148); (-0.211, -1.000); (-0.211, -0.852); (-0.211, -0.852); (-0.157, -0.852); (-0.157, -0.852); (-0.157, -0.952); (-0.157, -1.053); (-0.157, -1.153); (-0.157, -1.153); (-0.046, -1.153); (0.064, -1.153); (0.175, -1.153); (0.175, -1.153); (0.175, -1.047); (0.175, -1.047); (0.062, -1.047); (-0.051, -1.047); (-0.051, -1.047); (-0.051, -0.852); (-0.051, -0.852); (0.049, -0.852); (0.049, -0.852); (0.049, -0.747); (0.049, -0.747); (-0.051, -0.747); (-0.051, -0.747); (-0.051, -0.641); (-0.051, -0.535); (-0.051, -0.430); (-0.051, -0.324); (-0.051, -0.218); (-0.051, -0.218); (0.061, -0.218); (0.174, -0.218); (0.174, -0.218); (0.174, -0.116); (0.174, -0.116); (0.064, -0.116); (-0.046, -0.116); (-0.156, -0.116); (-0.156, -0.116); (-0.156, -0.221); (-0.156, -0.326); (-0.156, -0.431); (-0.156, -0.536); (-0.157, -0.641); (-0.157, -0.747); (-0.157, -0.747); (-0.211, -0.747); (-0.211, -0.747); (-0.212, -0.641); (-0.212, -0.536); (-0.212, -0.431); (-0.212, -0.326); (-0.212, -0.221); (-0.212, -0.116); (-0.212, -0.116); (-0.379, -0.115); (-0.379, -0.115); (-0.379, -0.220); (-0.379, -0.325); (-0.379, -0.431); (-0.379, -0.536); (-0.379, -0.641);

ALU (2.010, -0.374); (2.009, -0.485); (2.009, -0.597); (2.009, -0.708); (2.009, -0.819); (2.009, -0.930); (2.009, -1.042); (2.008, -1.153); (2.008, -1.153); (2.163, -1.152); (2.163, -1.152); (2.163, -1.051); (2.163, -0.950); (2.163, -0.849); (2.163, -0.749); (2.163, -0.648); (2.163, -0.547); (2.163, -0.446); (2.163, -0.345); (2.163, -0.245); (2.163, -0.245); (2.055, -0.282); (2.055, -0.282); (2.010, -0.374); (2.010, -0.374);

ALU (2.560, -2.133); (2.698, -2.132); (2.698, -2.132); (2.701, -2.030); (2.703, -1.928); (2.706, -1.826); (2.708, -1.723); (2.711, -1.621); (2.714, -1.519); (2.716, -1.417); (2.719, -1.315); (2.722, -1.213); (2.724, -1.111); (2.727, -1.009); (2.729, -0.907); (2.732, -0.805); (2.735, -0.703); (2.737, -0.601); (2.740, -0.499); (2.742, -0.397); (2.742, -0.397); (2.638, -0.397); (2.638, -0.397); (2.633, -0.499); (2.628, -0.601); (2.624, -0.703); (2.619, -0.805); (2.615, -0.907); (2.610, -1.010); (2.606, -1.112); (2.601, -1.214); (2.597, -1.316); (2.592, -1.418); (2.587, -1.520); (2.583, -1.622); (2.578, -1.724); (2.574, -1.826); (2.569, -1.928); (2.565, -2.031); (2.560, -2.133); (2.560, -2.133);

ALU (2.753, -2.133); (2.870, -2.132); (2.986, -2.132); (2.986, -2.132); (2.981, -2.030); (2.976, -1.928); (2.971, -1.826); (2.966, -1.724); (2.961, -1.622); (2.956, -1.520); (2.952, -1.418); (2.947, -1.316); (2.942, -1.214); (2.937, -1.112); (2.932, -1.009); (2.927, -0.907); (2.922, -0.805); (2.917, -0.703); (2.913, -0.601); (2.908, -0.499); (2.903, -0.397); (2.903, -0.397); (2.798, -0.397); (2.798, -0.397); (2.795, -0.499); (2.793, -0.601); (2.790, -0.703); (2.788, -0.805); (2.785, -0.907); (2.782, -1.009); (2.780, -1.112); (2.777, -1.214); (2.774, -1.316); (2.772, -1.418); (2.769, -1.520); (2.767, -1.622); (2.764, -1.724); (2.761, -1.826); (2.759, -1.928); (2.756, -2.030); (2.753, -2.133); (2.753, -2.133);

ALU (-1.992, -0.740); (-1.865, -0.740); (-1.739, -0.740); (-1.739, -0.740); (-1.739, -0.639); (-1.739, -0.538); (-1.739, -0.538); (-1.866, -0.538); (-1.993, -0.537); (-1.993, -0.537); (-1.992, -0.639);

ALU (0.276, -0.740); (0.402, -0.740); (0.529, -0.740); (0.529, -0.740); (0.529, -0.639); (0.529, -0.538); (0.529, -0.538); (0.402, -0.538); (0.275, -0.537); (0.275, -0.537); (0.275, -0.639);

ALU (-1.992, -0.901); (-1.865, -0.901); (-1.739, -0.901); (-1.739, -0.901); (-1.739, -0.799); (-1.739, -0.799); (-1.865, -0.798); (-1.992, -0.798); (-1.992, -0.798);

ALU (0.276, -0.901); (0.402, -0.901); (0.529, -0.901); (0.529, -0.901); (0.529, -0.799); (0.529, -0.799); (0.402, -0.798); (0.275, -0.798); (0.275, -0.798);

ALU (0.785, -0.481); (0.785, -0.589); (0.785, -0.697); (0.785, -0.805); (0.785, -0.913); (0.785, -1.020); (0.785, -1.128); (0.785, -1.236); (0.785, -1.344); (0.785, -1.452); (0.785, -1.560); (0.785, -1.668); (0.785, -1.776); (0.785, -1.776); (0.864, -1.868); (0.944, -1.961); (1.023, -2.053); (1.103, -2.146); (1.103, -2.146); (1.094, -2.044); (1.085, -1.942); (1.076, -1.841); (1.067, -1.739); (1.058, -1.637); (1.049, -1.535); (1.040, -1.433); (1.031, -1.332); (1.022, -1.230); (1.014, -1.128); (1.014, -1.128); (1.018, -1.021); (1.022, -0.915); (1.026, -0.808); (1.030, -0.701); (1.034, -0.594); (1.034, -0.594); (1.051, -0.473); (1.068, -0.352); (1.086, -0.231); (1.103, -0.110); (1.103, -0.110); (1.023, -0.202); (0.944, -0.295); (0.864, -0.388); (0.785, -0.481); (0.785, -0.481);

ALU (1.199, -2.144); (1.184, -2.045); (1.169, -1.945); (1.155, -1.846); (1.140, -1.747); (1.125, -1.647); (1.125, -1.647); (1.120, -1.544); (1.115, -1.440); (1.110, -1.337); (1.105, -1.233); (1.099, -1.130); (1.099, -1.130); (1.106, -1.005); (1.112, -0.881); (1.119, -0.757); (1.125, -0.632); (1.125, -0.632); (1.140, -0.528); (1.154, -0.424); (1.169, -0.320); (1.184, -0.216); (1.198, -0.112); (1.198, -0.112); (1.275, -0.178); (1.352, -0.243); (1.429, -0.308); (1.429, -0.308); (1.513, -0.430); (1.597, -0.553); (1.597, -0.553); (1.648, -0.691); (1.699, -0.830); (1.699, -0.830); (1.717, -0.978); (1.735, -1.126); (1.735, -1.126); (1.721, -1.268); (1.708, -1.409); (1.708, -1.409); (1.663, -1.537); (1.618, -1.665); (1.618, -1.665); (1.535, -1.785); (1.452, -1.906); (1.452, -1.906); (1.368, -1.985); (1.283, -2.065); (1.199, -2.144); (1.199, -2.144); -; (1.271, -1.969); (1.361, -1.862); (1.450, -1.754); (1.450, -1.754); (1.506, -1.652); (1.562, -1.549); (1.562, -1.549); (1.590, -1.446); (1.618, -1.344); (1.618, -1.344); (1.624, -1.236); (1.631, -1.128); (1.631, -1.128); (1.621, -1.021); (1.612, -0.913); (1.612, -0.913); (1.584, -0.810); (1.555, -0.707); (1.555, -0.707); (1.501, -0.604); (1.446, -0.502); (1.446, -0.502); (1.359, -0.395); (1.271, -0.287); (1.271, -0.287); (1.262, -0.393); (1.254, -0.498); (1.245, -0.603); (1.237, -0.708); (1.228, -0.814); (1.219, -0.919); (1.211, -1.024); (1.202, -1.129); (1.202, -1.129); (1.211, -1.234); (1.219, -1.339); (1.228, -1.444); (1.237, -1.549); (1.245, -1.654); (1.254, -1.759); (1.263, -1.864); (1.271, -1.969); (1.271, -1.969);



0 (-3.12, -0.29) R 200 300 400
1 (-3.02, -0.59) R 201 301 401
2 (-3.12, -0.89) R 202 302 402
3 (-3.02, -1.19) R 203 303 403
4 (-3.12, -1.49) R 204 304 404
5 (-3.02, -1.79) R 205 305 405
6 (-3.32, -1.63) R 206 306 406
7 (-2.83, -0.49) R 207 307 407
8 (-2.83, -0.87) R 208 308 408
9 (-2.83, -1.25) R 209 309 409
10 (-2.83, -1.63) R 210 310 410
11 (-2.77, -2.03) R 211 311 411
15 (-2.63, -0.28) R 215 315 415
16 (-2.39, -0.28) R 216 316 416
17 (-2.50, -0.41) R 217 317 417
18 (-2.50, -0.61) R 218 318 418
19 (-2.17, -0.28) R 219 319 419
20 (-2.27, -0.56) R 220 320 420
21 (-2.37, -0.84) R 221 321 421
25 (-1.86, -0.63) R 225 325 425
26 (-1.86, -0.84) R 226 326 426
30 (-1.34, -1.78) R 230 330 430
31 (-1.38, -1.34) R 231 331 431
32 (-1.38, -0.90) R 232 332 432
33 (-1.34, -0.46) R 233 333 433
34 (-1.09, -1.68) R 234 334 434
35 (-1.12, -1.31) R 235 335 435
36 (-1.12, -0.93) R 236 336 436
37 (-1.09, -0.56) R 237 337 437
38 (-1.02, -0.20) R 238 338 438
39 (-0.75, -0.52) R 239 339 439
40 (-0.60, -0.91) R 240 340 440
41 (-0.60, -1.33) R 241 341 441
42 (-0.75, -1.72) R 242 342 442
43 (-1.02, -2.04) R 243 343 443
45 (-0.29, -0.23) R 245 345 445
46 (-0.29, -0.51) R 246 346 446
47 (-0.29, -0.79) R 247 347 447
48 (-0.29, -1.01) R 248 348 448
49 (0.09, -0.16) R 249 349 449
50 (-0.10, -0.16) R 250 350 450
51 (-0.10, -0.48) R 251 351 451
52 (-0.10, -0.79) R 252 352 452
53 (-0.10, -1.09) R 253 353 453
54 (0.09, -1.09) R 254 354 454
55 (0.41, -0.63) R 255 355 455
56 (0.41, -0.84) R 256 356 456
60 (0.93, -1.78) R 260 360 460
61 (0.89, -1.34) R 261 361 461
62 (0.89, -0.90) R 262 362 462
63 (0.93, -0.46) R 263 363 463
64 (1.18, -1.68) R 264 364 464
65 (1.15, -1.31) R 265 365 465
66 (1.15, -0.93) R 266 366 466
67 (1.18, -0.56) R 267 367 467
68 (1.25, -0.20) R 268 368 468
69 (1.52, -0.52) R 269 369 469
70 (1.67, -0.91) R 270 370 470
71 (1.67, -1.33) R 271 371 471
72 (1.52, -1.72) R 272 372 472
73 (1.25, -2.04) R 273 373 473
75 (1.90, -0.97) R 275 375 475
76 (1.90, -0.60) R 276 376 476
77 (1.91, -0.29) R 277 377 477
78 (2.16, -0.14) R 278 378 478
79 (2.39, -0.29) R 279 379 479
80 (2.41, -0.60) R 280 380 480
81 (2.41, -0.97) R 281 381 481
82 (2.08, -0.44) R 282 382 482
83 (2.08, -0.73) R 283 383 483
84 (2.08, -1.02) R 284 384 484
85 (2.69, -0.61) R 285 385 485
86 (2.68, -0.94) R 286 386 486
87 (2.67, -1.27) R 287 387 487
88 (2.66, -1.60) R 288 388 488
89 (2.65, -1.93) R 289 389 489
90 (2.86, -0.61) R 290 390 490
91 (2.86, -0.94) R 291 391 491
92 (2.87, -1.27) R 292 392 492
93 (2.87, -1.60) R 293 393 493
94 (2.87, -1.93) R 294 394 494
95 (2.78, -0.21) R 295 395 495
101 (-0.39, -4.30) R 1 51 101
102 (-0.19, -4.10) R 2 52 102
103 (-0.19, -3.70) R 3 53 103
104 (-0.39, -3.50) R 4 54 104
105 (-0.59, -3.70) R 5 55 105
106 (-0.59, -4.10) R 6 56 106
107 (-0.39, -3.90) R 7 57 107
108 (0.41, -4.30) R 8 58 108
109 (0.61, -4.10) R 9 59 109
110 (0.61, -3.70) R 10 60 110
111 (0.41, -3.50) R 11 61 111
112 (0.21, -3.70) R 12 62 112
113 (0.21, -4.10) R 13 63 113
114 (0.41, -3.90) R 14 64 114


