200 68
300 69
400 70
201 56
301 57
401 58
202 53
302 54
402 55
203 65
303 66
403 67
204 62
304 63
404 64
205 59
305 60
405 61
206 71
306 72
406 73
207 95
307 96
407 97
208 83
308 84
408 85
209 50
309 51
409 52
210 86
310 87
410 88
211 77
311 78
411 79
212 89
312 90
412 91
213 92
313 93
413 94
214 80
314 81
414 82
220 74
320 75
420 76
221 26
321 27
421 28
222 38
322 39
422 40
223 29
323 30
423 31
224 44
324 45
424 46
225 32
325 33
425 34
226 47
326 48
426 49
227 41
327 42
427 43
230 5
330 6
430 7
231 8
331 9
431 10
232 11
332 12
432 13
233 23
333 24
433 25
234 35
334 36
434 37
240 125
340 126
440 127
241 206
341 207
441 208
242 194
342 195
442 196
243 14
343 15
443 16
244 2
344 3
444 4
245 17
345 18
445 19
250 128
350 129
450 130
251 131
351 132
451 133
252 140
352 141
452 142
253 137
353 138
453 139
254 134
354 135
454 136
260 101
360 102
460 103
261 113
361 114
461 115
262 98
362 99
462 100
263 119
363 120
463 121
264 143
364 144
464 145
265 107
365 108
465 109
266 116
366 117
466 118
267 104
367 105
467 106
268 122
368 123
468 124
269 110
369 111
469 112
