280	1
380	2
480	3
281	4
381	5
481	6
292	7
392	8
492	9
293	10
393	11
493	12
294	13
394	14
494	15
295	16
395	17
495	18
272	19
372	20
472	21
273	22
373	23
473	24
291	25
391	26
491	27
282	28
382	29
482	30
283	31
383	32
483	33
284	34
384	35
484	36
288	37
388	38
488	39
289	40
389	41
489	42
290	43
390	44
490	45
285	46
385	47
485	48
286	49
386	50
486	51
287	52
387	53
487	54
268	55
368	56
468	57
269	58
369	59
469	60
270	61
370	62
470	63
275	64
375	65
475	66
276	67
376	68
476	69
271	70
371	71
471	72
258	73
358	74
458	75
259	76
359	77
459	78
265	79
365	80
465	81
266	82
366	83
466	84
267	85
367	86
467	87
274	88
374	89
474	90
252	91
352	92
452	93
253	94
353	95
453	96
254	97
354	98
454	99
255	100
355	101
455	102
256	103
356	104
456	105
257	106
357	107
457	108
249	109
349	110
449	111
248	112
348	113
448	114
247	115
347	116
447	117
246	118
346	119
446	120
250	121
350	122
450	123
251	124
351	125
451	126
225	127
325	128
425	129
226	130
326	131
426	132
236	133
336	134
436	135
235	136
335	137
435	138
241	139
341	140
441	141
245	142
345	143
445	144
227	145
327	146
427	147
237	148
337	149
437	150
240	151
340	152
440	153
239	154
339	155
439	156
233	157
333	158
433	159
234	160
334	161
434	162
229	163
329	164
429	165
228	166
328	167
428	168
238	169
338	170
438	171
230	172
330	173
430	174
231	175
331	176
431	177
232	178
332	179
432	180
223	181
323	182
423	183
222	184
322	185
422	186
221	187
321	188
421	189
220	190
320	191
420	192
219	193
319	194
419	195
218	196
318	197
418	198
212	199
312	200
412	201
213	202
313	203
413	204
214	205
314	206
414	207
215	208
315	209
415	210
216	211
316	212
416	213
217	214
317	215
417	216
200	217
300	218
400	219
201	220
301	221
401	222
202	223
302	224
402	225
203	226
303	227
403	228
210	229
310	230
410	231
211	232
311	233
411	234
204	235
304	236
404	237
205	238
305	239
405	240
206	241
306	242
406	243
207	244
307	245
407	246
208	247
308	248
408	249
