0 26.50 2.10 R 212 213 214
1 26.50 3.70 R 179 180 181
2 26.50 5.30 R 176 177 178
3 26.50 6.90 R 215 216 217
4 26.50 8.50 R 209 210 211
5 26.50 10.10 R 188 189 190
6 26.50 11.70 R 185 186 187
7 28.10 11.10 R 203 204 205
8 29.70 10.60 R 200 201 202
10 31.50 2.00 R 182 183 184
11 31.50 3.50 R 197 198 199
12 31.50 5.00 R 206 207 208
13 31.50 6.50 R 191 192 193
14 31.70 8.00 R 194 195 196
15 32.50 8.80 R 230 231 232
16 33.60 9.30 R 233 234 235
17 34.70 9.30 R 227 228 229
18 35.70 8.80 R 221 222 223
19 36.50 7.90 R 167 168 169
20 36.70 6.50 R 224 225 226
21 36.70 5.00 R 173 174 175
22 36.70 3.50 R 170 171 172
23 36.70 2.00 R 164 165 166
25 39.30 8.70 R 248 249 250
26 39.30 7.10 R 218 219 220
27 39.30 5.40 R 161 162 163
28 39.30 3.70 R 152 153 154
29 39.30 2.00 R 245 246 247
30 41.00 2.00 R 140 141 142
31 42.60 2.20 R 236 237 238
32 43.90 3.10 R 128 129 130
33 44.40 4.50 R 137 138 139
34 44.00 5.80 R 239 240 241
35 42.60 7.00 R 146 147 148
36 41.00 7.10 R 149 150 151
37 41.00 5.40 R 113 114 115
38 41.00 3.70 R 155 156 157
39 42.60 3.80 R 158 159 160
40 42.60 5.30 R 251 252 253
41 42.90 8.50 R 242 243 244
45 46.80 8.40 R 122 123 124
46 46.80 6.80 R 143 144 145
47 46.80 5.20 R 131 132 133
48 46.80 3.60 R 134 135 136
49 46.80 2.00 R 95 96 97
50 49.20 8.40 R 14 15 16
51 49.20 6.80 R 11 12 13
52 49.20 5.20 R 119 120 121
53 49.20 3.60 R 116 117 118
54 49.20 2.00 R 110 111 112
55 50.60 2.00 R 125 126 127
56 52.00 2.00 R 98 99 100
57 53.40 2.00 R 8 9 10
58 50.60 6.80 R 5 6 7
59 52.00 6.80 R 101 102 103
65 55.00 8.60 R 2 3 4
66 55.60 7.10 R 23 24 25
67 56.20 5.70 R 17 18 19
68 56.90 4.20 R 104 105 106
69 57.50 2.80 R 92 93 94
70 58.30 4.20 R 32 33 34
71 59.10 5.70 R 35 36 37
72 59.90 7.20 R 80 81 82
73 60.40 8.70 R 77 78 79
74 57.00 7.10 R 20 21 22
75 57.70 5.70 R 107 108 109
76 58.40 7.10 R 26 27 28
80 62.30 9.70 R 50 51 52
81 63.10 8.60 R 29 30 31
82 63.90 7.50 R 59 60 61
83 64.70 6.40 R 62 63 64
84 65.50 5.30 R 38 39 40
85 66.30 4.20 R 68 69 70
86 67.10 3.10 R 74 75 76
87 67.90 2.00 R 65 66 67
88 62.00 2.00 R 83 84 85
89 62.70 3.10 R 86 87 88
90 63.40 4.20 R 71 72 73
91 64.10 5.30 R 56 57 58
92 65.50 7.50 R 53 54 55
93 66.20 8.60 R 41 42 43
94 66.90 9.70 R 44 45 46
95 67.80 10.80 R 47 48 49
