217 127
220 255
223 127
226 255
235 127
238 255
241 127
244 255
247 127
229 255
232 127
199 255
202 127
205 255
208 127
211 255
214 127
196 255
193 127
190 255
187 127
184 255
181 127
127 255
130 127
145 255
166 127
163 255
172 127
175 255
178 127
157 255
160 127
136 255
133 127
148 255
169 127
154 255
151 127
139 255
142 127
118 255
115 127
112 255
109 127
121 255
124 127
91 255
94 127
97 255
100 127
103 255
106 127
73 255
76 127
79 255
82 127
85 255
55 127
58 255
61 127
70 255
19 127
22 255
88 127
64 255
67 127
1 255
4 127
28 255
31 127
34 255
46 127
49 255
52 127
37 255
40 127
43 255
25 127
7 255
10 127
13 255
16 127
218 127
221 127
224 255
227 255
236 127
239 127
242 255
245 255
248 127
230 127
233 255
200 255
203 127
206 127
209 255
212 255
215 127
197 127
194 255
191 255
188 127
185 127
182 255
128 255
131 127
146 127
167 255
164 255
173 127
176 127
179 255
158 255
161 127
137 127
134 255
149 255
170 127
155 127
152 255
140 255
143 127
119 127
116 255
113 255
110 127
122 127
125 255
92 255
95 127
98 127
101 255
104 255
107 127
74 127
77 255
80 255
83 127
86 127
56 255
59 255
62 127
71 127
20 255
23 255
89 127
65 127
68 255
2 255
5 127
29 127
32 255
35 255
47 127
50 127
53 255
38 255
41 127
44 127
26 255
8 255
11 127
14 127
17 255
219 127
222 127
225 127
228 127
237 255
240 255
243 255
246 255
249 127
231 127
234 127
201 127
204 255
207 255
210 255
213 255
216 127
198 127
195 127
192 127
189 255
186 255
183 255
129 255
132 127
147 127
168 127
165 127
174 255
177 255
180 255
159 255
162 127
138 127
135 127
150 127
171 255
156 255
153 255
141 255
144 127
120 127
117 127
114 127
111 255
123 255
126 255
93 255
96 127
99 127
102 127
105 127
108 255
75 255
78 255
81 255
84 127
87 127
57 127
60 127
63 255
72 255
21 255
24 255
90 127
66 127
69 127
3 127
6 255
30 255
33 255
36 255
48 127
51 127
54 127
39 127
42 255
45 255
27 255
9 255
12 127
15 127
18 127
