1.1 80
1.2 81
1.3 92
1.4 93
1.5 94
1.6 95

2.1 72
2.2 73
2.3 91
2.4 82
2.5 83
2.6 84

3.1 88
3.2 89
3.3 90
3.4 85
3.5 86
3.6 87

4.1 68
4.2 69
4.3 70
4.4 75
4.5 76
4.6 71

5.1 58
5.2 59
5.3 65
5.4 66
5.5 67
5.6 74

6.1 52
6.2 53
6.3 54
6.4 55
6.5 56
6.6 57

7.1 49
7.2 48
7.3 47
7.4 46
7.5 50
7.6 51

8.1 25
8.2 26
8.3 36
8.4 35
8.5 41
8.6 45

9.1 27
9.2 37
9.3 40
9.4 39
9.5 33
9.6 34

10.1 29
10.2 28
10.3 38
10.4 30
10.5 31
10.6 32

11.1 23
11.2 22
11.3 21
11.4 20
11.5 19
11.6 18

12.1 12
12.2 13
12.3 14
12.4 15
12.5 16
12.6 17

13.1 0
13.2 1
13.3 2
13.4 3
13.5 10
13.6 11

14.1 4
14.2 5
14.3 6
14.4 7
14.5 8
14.6 -
