0 17.50 29.30 R 200 300 400 -1.00 -1.00 -0.90 2.10 1.00 1.00 1.00 -1.00
1 18.70 30.90 R 201 301 401 -0.10 -1.00 -1.90 0.40 1.00 1.40 1.00 -1.00
2 18.80 30.90 R 202 302 402 0.80 -1.00 0.90 1.40 3.20 -0.70 1.00 -1.00
3 21.00 29.00 R 203 303 403 -1.00 -1.00 -1.10 0.80 1.00 1.20 1.00 -1.00
4 21.00 26.90 R 204 304 404 -1.00 -1.00 -1.00 1.00 1.00 1.00 1.00 -1.00
5 21.00 25.00 R 205 305 405 -1.00 -1.00 -1.00 1.00 1.00 1.00 1.00 -1.00
6 21.00 22.90 R 206 306 406 -1.00 -1.00 -1.00 1.00 1.00 1.00 1.00 -1.00
10 25.00 20.90 R 210 310 410 -1.00 -1.00 -1.00 1.00 1.00 1.00 1.00 -1.00
11 25.00 23.00 R 211 311 411 -1.00 -1.00 -1.00 1.00 1.00 1.00 1.00 -1.00
12 25.00 25.10 R 212 312 412 -1.00 -1.00 -1.00 1.00 1.00 1.00 1.00 -1.00
13 25.00 27.10 R 213 313 413 -1.00 -1.00 -1.00 1.00 1.00 1.00 1.00 -1.00
14 24.90 29.10 R 214 314 414 -1.00 -1.00 1.00 2.20 2.10 0.70 1.00 -1.00
15 32.00 35.60 R 215 315 415 -6.20 -4.40 -4.40 -3.60 -2.00 -4.20 -3.10 -5.80 -5.20 -5.80
16 30.40 29.20 R 216 316 416 -0.40 -1.00 -1.40 0.70 -0.10 2.10 1.70 -1.10
17 30.90 27.10 R 217 317 417 -1.00 -1.00 -1.00 1.00 1.00 1.00 1.00 -1.00
18 31.00 25.10 R 218 318 418 -1.00 -1.00 -1.00 1.00 1.00 1.00 1.00 -1.00
19 31.00 23.00 R 219 319 419 -1.00 -1.00 -1.00 1.00 1.00 1.00 0.90 -1.00
20 31.00 20.90 R 220 320 420 -1.00 -1.00 -1.00 1.00 1.00 1.00 1.00 -1.00
24 35.10 18.80 R 224 324 424 -1.00 -1.00 -1.00 1.00 1.00 1.00 1.00 -1.00
25 35.10 21.00 R 225 325 425 -1.00 -1.20 -1.00 1.00 1.00 1.00 1.00 -1.20
26 35.10 23.30 R 226 326 426 -1.10 -1.30 -1.00 1.00 1.00 1.00 1.00 -1.30
27 35.00 26.00 R 227 327 427 -0.90 -1.60 -1.00 0.90 1.00 1.00 1.10 -1.60
28 35.00 28.50 R 228 328 428 -0.90 -1.60 -1.00 1.00 1.00 1.00 1.00 -1.50
29 35.00 30.90 R 229 329 429 -0.90 -1.60 -1.00 1.00 1.00 1.00 1.00 -1.40
30 37.10 31.00 R 230 330 430 -1.00 -1.00 -1.00 1.00 1.00 1.00 1.00 -1.00
31 39.50 30.60 R 231 331 431 -1.40 -0.70 -1.30 1.30 1.40 0.50 0.80 -1.40
32 41.30 28.50 R 232 332 432 -1.00 -1.00 -1.50 0.90 -0.20 2.60 0.80 -0.80
33 39.90 26.20 R 233 333 433 -1.20 0.20 0.30 1.70 2.30 1.40 -0.10 -1.40
34 37.20 24.70 R 234 334 434 0.50 -1.00 0.50 1.00 1.60 1.60 2.70 -0.00 1.40 -1.10
35 36.80 24.70 R 235 335 435 -1.00 -1.00 -1.00 1.00 1.00 1.00 1.00 -1.00
36 39.60 23.10 R 236 336 436 -0.20 -1.30 -1.00 0.40 0.00 1.50 1.80 -1.00
37 40.50 21.20 R 237 337 437 -1.10 -0.80 -1.00 1.00 1.00 0.90 0.10 -2.50
38 39.20 19.10 R 238 338 438 -1.10 -1.30 -1.10 0.80 0.60 1.70 1.50 -0.20
39 37.20 18.80 R 239 339 439 -1.00 -1.00 -1.00 1.00 1.00 1.00 1.00 -1.00
42 44.90 31.00 R 242 342 442 -0.40 -1.70 -1.00 1.00 1.00 1.00 1.50 -1.40
43 45.90 27.80 R 243 343 443 -0.70 -1.20 -1.30 1.50 0.60 2.00 1.40 -0.80
44 46.80 24.80 R 244 344 444 -0.70 -1.50 -1.60 1.80 0.50 2.30 1.20 -1.00
45 47.60 22.00 R 245 345 445 -0.60 -1.50 -1.60 1.40 0.50 2.00 1.30 -1.10
46 48.20 19.40 R 246 346 446 -0.60 -1.70 -1.20 1.30 0.70 1.60 1.40 -1.30
47 49.00 17.10 R 247 347 447 -1.00 -1.00 -1.40 0.80 1.00 1.10 1.00 -1.00
48 51.10 17.00 R 248 348 448 -1.00 -1.00 -1.00 1.00 1.60 1.20 1.00 -1.00
49 51.90 19.40 R 249 349 449 -1.10 -1.30 -0.50 1.10 1.30 1.30 0.90 -1.20
50 52.70 22.10 R 250 350 450 -1.20 -1.50 -1.00 1.00 1.00 1.00 0.60 -1.60
51 53.30 24.80 R 251 351 451 -1.70 -1.80 -1.00 1.00 1.00 1.00 0.50 -1.60
52 53.90 27.70 R 252 352 452 -1.70 -1.90 -1.00 1.00 1.00 1.00 0.50 -1.80
53 54.80 30.70 R 253 353 453 -1.90 -2.10 -1.00 1.00 1.00 1.00 0.10 -2.00
54 50.00 23.20 R 254 354 454 -1.50 -0.90 -2.20 1.20 2.10 1.20 1.50 -0.90
58 58.80 19.10 R 258 358 458 -1.00 -1.00 -1.00 1.30 1.00 1.30 1.00 -1.00
59 58.80 21.40 R 259 359 459 -1.00 -1.00 -1.00 1.30 1.00 1.20 1.00 -1.00
60 58.80 23.70 R 260 360 460 -1.00 -1.00 -1.00 1.30 1.00 1.30 1.00 -1.00
61 58.90 26.00 R 261 361 461 -1.00 -1.00 -1.00 1.50 1.00 1.50 1.00 -1.00
62 58.90 28.50 R 262 362 462 -1.00 -1.00 -0.90 1.40 1.10 1.40 1.00 -1.00
63 59.00 30.90 R 263 363 463 -1.00 -1.00 -1.00 1.00 1.40 1.10 1.40 -1.00
64 61.40 31.00 R 264 364 464 -1.00 -1.00 -1.00 1.00 1.60 1.00 1.50 -1.00
65 63.80 31.00 R 265 365 465 -1.00 -1.00 -1.00 1.00 1.00 1.00 1.00 -1.00
70 83.10 30.80 R 270 370 470 -1.00 -1.40 -1.00 1.00 1.00 1.00 1.00 -1.40
71 83.00 28.40 R 271 371 471 -1.00 -1.30 -1.00 1.00 1.00 1.00 1.00 -1.20
72 83.00 26.00 R 272 372 472 -1.00 -1.60 -1.00 1.00 1.00 1.00 1.00 -1.50
73 83.00 23.40 R 273 373 473 -1.00 -1.60 -1.00 1.00 1.00 1.00 1.00 -1.50
74 83.10 20.80 R 274 374 474 -1.00 -1.00 -1.00 1.00 1.00 1.00 1.00 -1.00
75 84.90 22.70 R 275 375 475 -1.00 -2.70 -1.00 -0.60 1.00 1.00 1.00 -1.00
76 86.00 24.80 R 276 376 476 -1.00 -1.00 -1.00 1.00 1.00 1.00 1.00 -1.00
77 87.10 26.90 R 277 377 477 -1.00 -1.00 -1.00 1.00 1.00 1.00 1.00 -1.00
78 88.10 28.80 R 278 378 478 -1.00 -1.00 -1.00 1.00 1.00 1.00 1.00 -1.00
79 89.40 30.80 R 279 379 479 -1.00 -1.00 -1.00 1.00 1.00 1.00 1.00 -1.00
80 90.00 28.10 R 280 380 480 -1.00 -2.00 -1.00 1.00 1.00 1.00 1.00 -2.00
81 90.00 25.00 R 281 381 481 -1.00 -1.00 -1.00 1.00 1.00 1.00 1.00 -1.00
82 90.00 23.00 R 282 382 482 -1.00 -1.00 -1.00 1.00 1.00 1.00 1.00 -1.00
83 90.00 20.90 R 283 383 483 -1.00 -1.00 -1.00 1.00 1.00 1.00 1.00 -1.00
87 99.30 23.40 R 287 387 487 -1.00 -1.00 -1.00 1.00 1.00 1.00 1.00 -1.00
88 97.00 22.90 R 288 388 488 -1.00 -1.00 -1.00 1.00 1.00 1.00 1.00 -1.00
89 94.70 23.60 R 289 389 489 -1.00 -1.00 -1.00 1.00 1.00 1.00 1.00 -1.00
90 93.80 25.60 R 290 390 490 -1.00 -1.00 -1.00 1.00 1.00 1.00 1.00 -1.00
91 93.80 27.40 R 291 391 491 -1.00 -1.00 -1.00 1.00 1.00 1.00 1.00 -1.00
92 93.90 29.40 R 292 392 492 -1.00 -1.00 -1.00 1.00 1.00 1.00 1.00 -1.00
93 95.70 31.00 R 293 393 493 -1.00 -1.00 -1.00 1.00 1.00 1.00 1.00 -1.00
94 97.60 31.10 R 294 394 494 -1.00 -1.00 -1.00 1.00 1.30 0.60 1.90 -1.30
95 99.90 30.50 R 295 395 495 -0.10 -1.60 -1.00 1.00 1.20 1.00 2.10 -1.40
96 101.20 28.10 R 296 396 496 -0.20 -1.90 -1.00 1.00 1.00 1.00 1.00 -1.80
97 99.00 27.30 R 297 397 497 -1.00 -1.00 -1.00 1.00 1.30 1.10 2.00 -1.00
138 73.00 39.50 R 38 88 138 -1.00 -1.00 -1.00 1.00 1.00 1.00 1.00 -1.00
139 72.90 36.00 R 39 89 139 -1.00 -1.00 -1.00 1.00 1.00 1.00 1.00 -1.00
140 72.90 32.70 R 40 90 140 -1.00 -1.00 -1.00 1.00 1.00 1.00 1.00 -1.00
107 69.70 19.50 R 7 57 107 0.00 -1.16 1.00 -0.58 1.00 0.58 0.00 1.16 -1.00 0.58 -1.00 -0.58
106 71.70 19.50 R 6 56 106 0.00 -1.16 1.00 -0.58 1.00 0.58 0.00 1.16 -1.00 0.58 -1.00 -0.58
105 73.70 19.50 R 5 55 105 0.00 -1.16 1.00 -0.58 1.00 0.58 0.00 1.16 -1.00 0.58 -1.00 -0.58
104 75.70 19.50 R 4 54 104 0.00 -1.16 1.00 -0.58 1.00 0.58 0.00 1.16 -1.00 0.58 -1.00 -0.58
108 68.70 21.24 R 8 58 108 0.00 -1.16 1.00 -0.58 1.00 0.58 0.00 1.16 -1.00 0.58 -1.00 -0.58
123 70.70 21.24 R 23 73 123 0.00 -1.16 1.00 -0.58 1.00 0.58 0.00 1.16 -1.00 0.58 -1.00 -0.58
122 72.70 21.24 R 22 72 122 0.00 -1.16 1.00 -0.58 1.00 0.58 0.00 1.16 -1.00 0.58 -1.00 -0.58
121 74.70 21.24 R 21 71 121 0.00 -1.16 1.00 -0.58 1.00 0.58 0.00 1.16 -1.00 0.58 -1.00 -0.58
103 76.70 21.24 R 3 53 103 0.00 -1.16 1.00 -0.58 1.00 0.58 0.00 1.16 -1.00 0.58 -1.00 -0.58
109 67.70 22.97 R 9 59 109 0.00 -1.16 1.00 -0.58 1.00 0.58 0.00 1.16 -1.00 0.58 -1.00 -0.58
124 69.70 22.97 R 24 74 124 0.00 -1.16 1.00 -0.58 1.00 0.58 0.00 1.16 -1.00 0.58 -1.00 -0.58
133 71.70 22.97 R 33 83 133 0.00 -1.16 1.00 -0.58 1.00 0.58 0.00 1.16 -1.00 0.58 -1.00 -0.58
132 73.70 22.97 R 32 82 132 0.00 -1.16 1.00 -0.58 1.00 0.58 0.00 1.16 -1.00 0.58 -1.00 -0.58
120 75.70 22.97 R 20 70 120 0.00 -1.16 1.00 -0.58 1.00 0.58 0.00 1.16 -1.00 0.58 -1.00 -0.58
102 77.70 22.97 R 2 52 102 0.00 -1.16 1.00 -0.58 1.00 0.58 0.00 1.16 -1.00 0.58 -1.00 -0.58
110 66.70 24.70 R 10 60 110 0.00 -1.16 1.00 -0.58 1.00 0.58 0.00 1.16 -1.00 0.58 -1.00 -0.58
125 68.70 24.70 R 25 75 125 0.00 -1.16 1.00 -0.58 1.00 0.58 0.00 1.16 -1.00 0.58 -1.00 -0.58
134 70.70 24.70 R 34 84 134 0.00 -1.16 1.00 -0.58 1.00 0.58 0.00 1.16 -1.00 0.58 -1.00 -0.58
137 72.70 24.70 R 37 87 137 0.00 -1.16 1.00 -0.58 1.00 0.58 0.00 1.16 -1.00 0.58 -1.00 -0.58
131 74.70 24.70 R 31 81 131 0.00 -1.16 1.00 -0.58 1.00 0.58 0.00 1.16 -1.00 0.58 -1.00 -0.58
119 76.70 24.70 R 19 69 119 0.00 -1.16 1.00 -0.58 1.00 0.58 0.00 1.16 -1.00 0.58 -1.00 -0.58
101 78.70 24.70 R 1 51 101 0.00 -1.16 1.00 -0.58 1.00 0.58 0.00 1.16 -1.00 0.58 -1.00 -0.58
111 67.70 26.43 R 11 61 111 0.00 -1.16 1.00 -0.58 1.00 0.58 0.00 1.16 -1.00 0.58 -1.00 -0.58
126 69.70 26.43 R 26 76 126 0.00 -1.16 1.00 -0.58 1.00 0.58 0.00 1.16 -1.00 0.58 -1.00 -0.58
135 71.70 26.43 R 35 85 135 0.00 -1.16 1.00 -0.58 1.00 0.58 0.00 1.16 -1.00 0.58 -1.00 -0.58
136 73.70 26.43 R 36 86 136 0.00 -1.16 1.00 -0.58 1.00 0.58 0.00 1.16 -1.00 0.58 -1.00 -0.58
130 75.70 26.43 R 30 80 130 0.00 -1.16 1.00 -0.58 1.00 0.58 0.00 1.16 -1.00 0.58 -1.00 -0.58
118 77.70 26.43 R 18 68 118 0.00 -1.16 1.00 -0.58 1.00 0.58 0.00 1.16 -1.00 0.58 -1.00 -0.58
112 68.70 28.16 R 12 62 112 0.00 -1.16 1.00 -0.58 1.00 0.58 0.00 1.16 -1.00 0.58 -1.00 -0.58
127 70.70 28.16 R 27 77 127 0.00 -1.16 1.00 -0.58 1.00 0.58 0.00 1.16 -1.00 0.58 -1.00 -0.58
128 72.70 28.16 R 28 78 128 0.00 -1.16 1.00 -0.58 1.00 0.58 0.00 1.16 -1.00 0.58 -1.00 -0.58
129 74.70 28.16 R 29 79 129 0.00 -1.16 1.00 -0.58 1.00 0.58 0.00 1.16 -1.00 0.58 -1.00 -0.58
117 76.70 28.16 R 17 67 117 0.00 -1.16 1.00 -0.58 1.00 0.58 0.00 1.16 -1.00 0.58 -1.00 -0.58
113 69.70 29.90 R 13 63 113 0.00 -1.16 1.00 -0.58 1.00 0.58 0.00 1.16 -1.00 0.58 -1.00 -0.58
114 71.70 29.90 R 14 64 114 0.00 -1.16 1.00 -0.58 1.00 0.58 0.00 1.16 -1.00 0.58 -1.00 -0.58
115 73.70 29.90 R 15 65 115 0.00 -1.16 1.00 -0.58 1.00 0.58 0.00 1.16 -1.00 0.58 -1.00 -0.58
116 75.70 29.90 R 16 66 116 0.00 -1.16 1.00 -0.58 1.00 0.58 0.00 1.16 -1.00 0.58 -1.00 -0.58
