0 26.50 2.10 R 200 300 400 -0.50 -0.50 0.50 -0.50 0.50 0.50 -0.50 0.50
1 26.50 3.70 R 201 301 401 -0.50 -0.50 0.50 -0.50 0.50 0.50 -0.50 0.50
2 26.50 5.30 R 202 302 402 -0.50 -0.50 0.50 -0.50 0.50 0.50 -0.50 0.50
3 26.50 6.90 R 203 303 403 -0.50 -0.50 0.50 -0.50 0.50 0.50 -0.50 0.50
4 26.50 8.50 R 204 304 404 -0.50 -0.50 0.50 -0.50 0.50 0.50 -0.50 0.50
5 26.50 10.10 R 205 305 405 -0.50 -0.50 0.50 -0.50 0.50 0.50 -0.50 0.50
6 26.50 11.70 R 206 306 406 -0.50 -0.50 0.50 -0.50 0.50 0.50 -0.50 0.50
7 28.10 11.10 R 207 307 407 -0.50 -0.50 0.50 -0.50 0.50 0.50 -0.50 0.50
8 29.70 10.60 R 208 308 408 -0.50 -0.50 0.50 -0.50 0.50 0.50 -0.50 0.50
10 31.50 2.00 R 210 310 410 -0.50 -0.50 0.50 -0.50 0.50 0.50 -0.50 0.50
11 31.50 3.50 R 211 311 411 -0.50 -0.50 0.50 -0.50 0.50 0.50 -0.50 0.50
12 31.50 5.00 R 212 312 412 -0.50 -0.50 0.50 -0.50 0.50 0.50 -0.50 0.50
13 31.50 6.50 R 213 313 413 -0.50 -0.50 0.50 -0.50 0.50 0.50 -0.50 0.50
14 31.70 8.00 R 214 314 414 -0.50 -0.50 0.50 -0.50 0.50 0.50 -0.50 0.50
15 32.50 8.80 R 215 315 415 -0.50 -0.50 0.50 -0.50 0.50 0.50 -0.50 0.50
16 33.60 9.30 R 216 316 416 -0.50 -0.50 0.50 -0.50 0.50 0.50 -0.50 0.50
17 34.70 9.30 R 217 317 417 -0.50 -0.50 0.50 -0.50 0.50 0.50 -0.50 0.50
18 35.70 8.80 R 218 318 418 -0.50 -0.50 0.50 -0.50 0.50 0.50 -0.50 0.50
19 36.50 7.90 R 219 319 419 -0.50 -0.50 0.50 -0.50 0.50 0.50 -0.50 0.50
20 36.70 6.50 R 220 320 420 -0.50 -0.50 0.50 -0.50 0.50 0.50 -0.50 0.50
21 36.70 5.00 R 221 321 421 -0.50 -0.50 0.50 -0.50 0.50 0.50 -0.50 0.50
22 36.70 3.50 R 222 322 422 -0.50 -0.50 0.50 -0.50 0.50 0.50 -0.50 0.50
23 36.70 2.00 R 223 323 423 -0.50 -0.50 0.50 -0.50 0.50 0.50 -0.50 0.50
25 39.30 8.70 R 225 325 425 -0.50 -0.50 0.50 -0.50 0.50 0.50 -0.50 0.50
26 39.30 7.10 R 226 326 426 -0.50 -0.50 0.50 -0.50 0.50 0.50 -0.50 0.50
27 39.30 5.40 R 227 327 427 -0.50 -0.50 0.50 -0.50 0.50 0.50 -0.50 0.50
28 39.30 3.70 R 228 328 428 -0.50 -0.50 0.50 -0.50 0.50 0.50 -0.50 0.50
29 39.30 2.00 R 229 329 429 -0.50 -0.50 0.50 -0.50 0.50 0.50 -0.50 0.50
30 41.00 2.00 R 230 330 430 -0.50 -0.50 0.50 -0.50 0.50 0.50 -0.50 0.50
31 42.60 2.20 R 231 331 431 -0.50 -0.50 0.50 -0.50 0.50 0.50 -0.50 0.50
32 43.90 3.10 R 232 332 432 -0.50 -0.50 0.50 -0.50 0.50 0.50 -0.50 0.50
33 44.40 4.50 R 233 333 433 -0.50 -0.50 0.50 -0.50 0.50 0.50 -0.50 0.50
34 44.00 5.80 R 234 334 434 -0.50 -0.50 0.50 -0.50 0.50 0.50 -0.50 0.50
35 42.60 7.00 R 235 335 435 -0.50 -0.50 0.50 -0.50 0.50 0.50 -0.50 0.50
36 41.00 7.10 R 236 336 436 -0.50 -0.50 0.50 -0.50 0.50 0.50 -0.50 0.50
37 41.00 5.40 R 237 337 437 -0.50 -0.50 0.50 -0.50 0.50 0.50 -0.50 0.50
38 41.00 3.70 R 238 338 438 -0.50 -0.50 0.50 -0.50 0.50 0.50 -0.50 0.50
39 42.60 3.80 R 239 339 439 -0.50 -0.50 0.50 -0.50 0.50 0.50 -0.50 0.50
40 42.60 5.30 R 240 340 440 -0.50 -0.50 0.50 -0.50 0.50 0.50 -0.50 0.50
41 42.90 8.50 R 241 341 441 -0.50 -0.50 0.50 -0.50 0.50 0.50 -0.50 0.50
