OFFSET -1.785 2
SCALE 1 -1

0 (0.34, 0.28) R 200 300 400
1 (0.44, 0.56) R 201 301 401
2 (0.34, 0.84) R 202 302 402
3 (0.44, 1.12) R 203 303 403
4 (0.34, 1.40) R 204 304 404
5 (0.44, 1.68) R 205 305 405
6 (0.14, 1.50) R 206 306 406
7 (0.64, 0.38) R 207 307 407
8 (0.64, 0.76) R 208 308 408
9 (0.64, 1.14) R 209 309 409
10 (0.64, 1.52) R 210 310 410
11 (0.69, 1.92) R 211 311 411
ALU (0.250, 0.000); (0.250, 1.520); (0.060, 1.400); (0.000, 1.480); (0.520, 1.840); (0.520, 0.000);
ALU (0.590, 0.000); (0.590, 1.900); (0.790, 2.050); (0.850, 1.970); (0.690, 1.850); (0.690, 0.000);

15 (0.82, 0.17) R 215 315 415
16 (1.10, 0.17) R 216 316 416
17 (0.96, 0.30) R 217 317 417
18 (0.96, 0.50) R 218 318 418
19 (1.26, 0.23) R 219 319 419
20 (1.18, 0.45) R 220 320 420
21 (1.10, 0.67) R 221 321 421
ALU (0.730, 0.000); (0.960, 0.680); (1.190, 0.000); (1.100, 0.000); (1.020, 0.190); (0.900, 0.190); (0.820, 0.000);
ALU (1.250, 0.000); (0.980, 0.770); (1.070, 1.040); (1.430, 0.000);

25 (1.60, 0.52) R 225 325 425
26 (1.60, 0.73) R 226 326 426
ALU (1.480, 0.420); (1.480, 0.620); (1.730, 0.620); (1.730, 0.420);
ALU (1.480, 0.680); (1.480, 0.780); (1.730, 0.780); (1.730, 0.680);

30 (2.12, 1.67) R 230 330 430
31 (2.09, 1.34) R 231 331 431
32 (2.08, 1.01) R 232 332 432
33 (2.09, 0.68) R 233 333 433
34 (2.12, 0.35) R 234 334 434
35 (2.36, 1.46) R 235 335 435
36 (2.34, 1.01) R 236 336 436
37 (2.36, 0.56) R 237 337 437
38 (2.46, 0.11) R 238 338 438
39 (2.77, 0.51) R 239 339 439
40 (2.88, 1.01) R 240 340 440
41 (2.77, 1.51) R 241 341 441
42 (2.46, 1.91) R 242 342 442
ALU (2.290, 0.000); (2.180, 0.100); (2.080, 0.220); (1.980, 0.370); (1.980, 1.650); (2.080, 1.800); (2.180, 1.920); (2.290, 2.020); (2.250, 1.770); (2.220, 1.520); (2.210, 1.270); (2.200, 1.010); (2.210, 0.750); (2.220, 0.500); (2.250, 0.250);
ALU (2.402, 0.000); (2.518, 0.092); (2.623, 0.197); (2.714, 0.313); (2.790, 0.440); (2.851, 0.575); (2.894, 0.717); (2.921, 0.862); (2.930, 1.010); (2.921, 1.158); (2.894, 1.303); (2.851, 1.445); (2.790, 1.580); (2.714, 1.707); (2.623, 1.823); (2.518, 1.928); (2.402, 2.020); (2.390, 2.020); (2.346, 1.770); (2.315, 1.517); (2.296, 1.264); (2.290, 1.010); (2.296, 0.756); (2.315, 0.503); (2.346, 0.250); (2.390, -0.000);
ALU (2.450, 0.165); (2.535, 0.249); (2.611, 0.341); (2.676, 0.441); (2.731, 0.547); (2.774, 0.658); (2.805, 0.773); (2.824, 0.891); (2.830, 1.010); (2.824, 1.129); (2.805, 1.247); (2.774, 1.362); (2.731, 1.473); (2.676, 1.579); (2.611, 1.679); (2.535, 1.771); (2.450, 1.855); (2.461, 1.855); (2.430, 1.645); (2.408, 1.434); (2.394, 1.222); (2.390, 1.010); (2.394, 0.798); (2.408, 0.586); (2.430, 0.375); (2.461, 0.165);

45 (3.14, 0.20) R 245 345 445
46 (3.20, 0.40) R 246 346 446
47 (3.14, 0.60) R 247 347 447
48 (3.20, 0.80) R 248 348 448
49 (3.47, 0.05) R 249 349 449
50 (3.36, 0.37) R 250 350 450
51 (3.36, 0.76) R 251 351 451
52 (3.47, 0.98) R 252 352 452
ALU (3.090, 0.000); (3.090, 0.630); (2.990, 0.630); (2.990, 0.730); (3.090, 0.730); (3.090, 1.030); (3.250, 1.030); (3.250, 0.730); (3.310, 0.730); (3.310, 1.030); (3.640, 1.030); (3.640, 0.930); (3.410, 0.930); (3.410, 0.730); (3.510, 0.730); (3.510, 0.630); (3.410, 0.630); (3.410, 0.100); (3.640, 0.100); (3.640, -0.000); (3.310, -0.000); (3.310, 0.630); (3.250, 0.630); (3.250, 0.000);

55 (3.87, 0.52) R 255 355 455
56 (3.87, 0.73) R 256 356 456
ALU (3.740, 0.420); (3.740, 0.620); (3.990, 0.620); (3.990, 0.420);
ALU (3.740, 0.680); (3.740, 0.780); (3.990, 0.780); (3.990, 0.680);

60 (4.39, 1.67) R 260 360 460
61 (4.36, 1.34) R 261 361 461
62 (4.35, 1.01) R 262 362 462
63 (4.36, 0.68) R 263 363 463
64 (4.39, 0.35) R 264 364 464
65 (4.63, 1.46) R 265 365 465
66 (4.61, 1.01) R 266 366 466
67 (4.63, 0.56) R 267 367 467
68 (4.73, 0.11) R 268 368 468
69 (5.04, 0.51) R 269 369 469
70 (5.15, 1.01) R 270 370 470
71 (5.04, 1.51) R 271 371 471
72 (4.73, 1.91) R 272 372 472
ALU (4.560, 0.000); (4.450, 0.100); (4.350, 0.220); (4.250, 0.370); (4.250, 1.650); (4.350, 1.800); (4.450, 1.920); (4.560, 2.020); (4.520, 1.770); (4.490, 1.520); (4.480, 1.270); (4.470, 1.010); (4.480, 0.750); (4.490, 0.500); (4.520, 0.250);
ALU (4.672, 0.000); (4.788, 0.092); (4.893, 0.197); (4.984, 0.313); (5.060, 0.440); (5.121, 0.575); (5.164, 0.717); (5.191, 0.862); (5.200, 1.010); (5.191, 1.158); (5.164, 1.303); (5.121, 1.445); (5.060, 1.580); (4.984, 1.707); (4.893, 1.823); (4.788, 1.928); (4.672, 2.020); (4.660, 2.020); (4.616, 1.770); (4.585, 1.517); (4.566, 1.264); (4.560, 1.010); (4.566, 0.756); (4.585, 0.503); (4.616, 0.250); (4.660, -0.000);
ALU (4.720, 0.165); (4.805, 0.249); (4.881, 0.341); (4.946, 0.441); (5.001, 0.547); (5.044, 0.658); (5.075, 0.773); (5.094, 0.891); (5.100, 1.010); (5.094, 1.129); (5.075, 1.247); (5.044, 1.362); (5.001, 1.473); (4.946, 1.579); (4.881, 1.679); (4.805, 1.771); (4.720, 1.855); (4.731, 1.855); (4.700, 1.645); (4.678, 1.434); (4.664, 1.222); (4.660, 1.010); (4.664, 0.798); (4.678, 0.586); (4.700, 0.375); (4.731, 0.165);

75 (5.37, 0.76) R 275 375 475
76 (5.37, 0.39) R 276 376 476
77 (5.48, 0.10) R 277 377 477
78 (5.76, 0.10) R 278 378 478
79 (5.87, 0.39) R 279 379 479
80 (5.87, 0.76) R 280 380 480
81 (5.54, 0.35) R 281 381 481
82 (5.54, 0.58) R 282 382 482
83 (5.54, 0.81) R 283 383 483
ALU (5.320, 0.300); (5.320, 1.060); (5.420, 1.060); (5.420, 0.300); (5.420, 0.300); (5.424, 0.261); (5.435, 0.223); (5.454, 0.189); (5.479, 0.159); (5.509, 0.134); (5.543, 0.115); (5.581, 0.104); (5.620, 0.100); (5.659, 0.104); (5.697, 0.115); (5.731, 0.134); (5.761, 0.159); (5.786, 0.189); (5.805, 0.223); (5.816, 0.261); (5.820, 0.300); (5.820, 0.300); (5.820, 1.060); (5.920, 1.060); (5.920, 0.300); (5.920, 0.300); (5.914, 0.241); (5.897, 0.185); (5.869, 0.133); (5.832, 0.088); (5.787, 0.051); (5.735, 0.023); (5.679, 0.006); (5.620, 0.000); (5.561, 0.006); (5.505, 0.023); (5.453, 0.051); (5.408, 0.088); (5.371, 0.133); (5.343, 0.185); (5.326, 0.241); (5.320, 0.300);
ALU (5.470, 0.300); (5.470, 1.060); (5.620, 1.060); (5.620, 0.150); (5.620, 0.150); (5.591, 0.153); (5.563, 0.161); (5.537, 0.175); (5.514, 0.194); (5.495, 0.217); (5.481, 0.243); (5.473, 0.271); (5.470, 0.300);

85 (6.16, 0.66) R 285 385 485
86 (6.15, 1.01) R 286 386 486
87 (6.13, 1.36) R 287 387 487
88 (6.12, 1.71) R 288 388 488
89 (6.34, 0.66) R 289 389 489
90 (6.34, 1.01) R 290 390 490
91 (6.35, 1.36) R 291 391 491
92 (6.35, 1.71) R 292 392 492
93 (6.25, 0.14) R 293 393 493
ALU (6.120, 0.320); (6.040, 2.020); (6.170, 2.020); (6.220, 0.320);
ALU (6.280, 0.320); (6.230, 2.020); (6.430, 2.020); (6.380, 0.320);
ALU (6.390, 0.140); (6.387, 0.166); (6.380, 0.192); (6.368, 0.216); (6.351, 0.237); (6.331, 0.254); (6.308, 0.267); (6.283, 0.276); (6.257, 0.280); (6.230, 0.279); (6.204, 0.272); (6.180, 0.261); (6.159, 0.246); (6.140, 0.227); (6.126, 0.204); (6.116, 0.180); (6.111, 0.154); (6.111, 0.127); (6.116, 0.101); (6.125, 0.076); (6.140, 0.054); (6.158, 0.035); (6.180, 0.019); (6.204, 0.008); (6.229, 0.002); (6.256, 0.000); (6.282, 0.004); (6.308, 0.012); (6.331, 0.026); (6.351, 0.043); (6.367, 0.064); (6.380, 0.087); (6.387, 0.113);
