0 26.50 2.10 R 210 211 212
1 26.50 2.10 R 177 178 179
2 26.50 2.10 R 174 175 176
3 26.50 2.10 R 213 214 215
4 26.50 2.10 R 207 208 209
5 26.50 2.10 R 186 187 188
6 26.50 2.10 R 183 184 185
7 26.50 2.10 R 201 202 203
8 26.50 2.10 R 198 199 200
9 26.50 2.10 R 180 181 182
10 26.50 2.10 R 195 196 197
11 26.50 2.10 R 195 196 197
12 26.50 2.10 R 204 205 206
13 26.50 2.10 R 189 190 191
14 26.50 2.10 R 192 193 194
15 26.50 2.10 R 228 229 230
16 26.50 2.10 R 231 232 233
17 26.50 2.10 R 225 226 227
18 26.50 2.10 R 219 220 221
19 26.50 2.10 R 165 166 167
20 26.50 2.10 R 222 223 224
21 26.50 2.10 R 171 172 173
22 26.50 2.10 R 168 169 170
23 26.50 2.10 R 162 163 164
25 26.50 2.10 R 246 247 248
26 26.50 2.10 R 216 217 218
27 26.50 2.10 R 159 160 161
28 26.50 2.10 R 150 151 152
29 26.50 2.10 R 243 244 245
30 26.50 2.10 R 138 139 140
31 26.50 2.10 R 234 235 236
32 26.50 2.10 R 126 127 128
33 26.50 2.10 R 135 136 137
34 26.50 2.10 R 237 238 239
35 26.50 2.10 R 144 145 146
36 26.50 2.10 R 147 148 149
37 26.50 2.10 R 111 112 113
38 26.50 2.10 R 153 154 155
39 26.50 2.10 R 156 157 158
40 26.50 2.10 R 249 250 251
41 26.50 2.10 R 240 241 242
45 26.50 2.10 R 120 121 122
46 26.50 2.10 R 141 142 143
47 26.50 2.10 R 129 130 131
48 26.50 2.10 R 132 133 134
49 26.50 2.10 R 93 94 95
50 26.50 2.10 R 12 13 14
51 26.50 2.10 R 9 10 11
52 26.50 2.10 R 117 118 119
53 26.50 2.10 R 114 115 116
54 26.50 2.10 R 108 109 110
55 26.50 2.10 R 123 124 125
56 26.50 2.10 R 96 97 98
57 26.50 2.10 R 6 7 8
58 26.50 2.10 R 3 4 5
59 26.50 2.10 R 99 100 101
65 26.50 2.10 R 0 1 2
66 26.50 2.10 R 21 22 23
67 26.50 2.10 R 15 16 17
68 26.50 2.10 R 102 103 104
69 26.50 2.10 R 90 91 92
70 26.50 2.10 R 30 31 32
71 26.50 2.10 R 33 34 35
72 26.50 2.10 R 78 79 80
73 26.50 2.10 R 75 76 77
74 26.50 2.10 R 18 19 20
75 26.50 2.10 R 105 106 107
76 26.50 2.10 R 24 25 26
80 26.50 2.10 R 48 49 50
81 26.50 2.10 R 27 28 29
82 26.50 2.10 R 57 58 59
83 26.50 2.10 R 60 61 62
84 26.50 2.10 R 36 37 38
85 26.50 2.10 R 66 67 68
86 26.50 2.10 R 72 73 74
87 26.50 2.10 R 63 64 65
88 26.50 2.10 R 81 82 83
89 26.50 2.10 R 84 85 86
90 26.50 2.10 R 69 70 71
91 26.50 2.10 R 54 55 56
92 26.50 2.10 R 51 52 53
93 26.50 2.10 R 39 40 41
94 26.50 2.10 R 42 43 44
95 26.50 2.10 R 45 46 47